# mu=9.53e-4

# interior 2/1 libration island centered near psi=0
# e	astar	amin	amax CJ
0.00275	0.55111	0.55110	0.55112	3.300
0.00337	0.56175	0.56174	0.56176	3.280
0.00428	0.57305	0.57303	0.57307	3.260
0.00529	0.58267	0.58202	0.58209	3.2449
0.00603	0.58715	0.58708	0.58718	3.2367
0.00696	0.59223	0.59214	0.59223	3.2288
0.00815	0.59731	0.59719	0.59737	3.2210
0.00974	0.60238	0.60222	0.60247	3.2135
0.01196	0.60745	0.60722	0.60756	3.2062
0.01530	0.61249	0.61207	0.61269	3.1990
0.02083	0.61745	0.61667	0.61782	3.1922
0.03137	0.62217	0.62060	0.62293	3.1854
0.05326	0.62601	0.62244	0.62806	3.1789
0.06587	0.62704	0.62230	0.63012	3.1763
0.08964	0.62814	0.62107	0.63375	3.1718
0.14447	0.62917	0.61492	0.64303	3.16
0.21147	0.62956	0.61093	0.64883	3.14
0.30469	0.62969	0.60537	0.65521	3.10
0.38944	0.62969	0.60004	0.66256	3.05
0.45678	0.62966	0.59981	0.66175	3.00
0.56283	0.62960	0.60151	0.65765	2.90
0.64576	0.62956	0.60315	0.65655	2.80
0.71365	0.62954	0.60489	0.65561	2.70
0.76968	0.62953	0.60594	0.65398	2.60
0.81856	0.62952	0.60662	0.65311	2.50
0.85936	0.62952	0.60725	0.65268	2.40
0.92279	0.62954	0.60758	0.65193	2.20
0.96581	0.62957	0.61011	0.64957	2.00
0.99109	0.62961	0.61115	0.64837	1.80
0.99753	0.62962	0.61259	0.64754	1.70
0.99925	0.62963	0.61261	0.64730	1.65

# interior 2/1 libration island centered near psi=180
# e	astar	amin	amax CJ
0.00233	0.55064	0.55064	0.55065	3.300
0.00284	0.56122	0.56121	0.56122	3.280
0.00360	0.57245	0.57243	0.57245	3.260
0.00448	0.58139	0.58136	0.58140	3.2449
0.00514	0.58643	0.58639	0.58644	3.2367
0.00598	0.59147	0.59141	0.59149	3.2288
0.00708	0.59651	0.59642	0.59653	3.2210
0.00855	0.60154	0.60142	0.60158	3.2135
0.01066	0.60656	0.60639	0.60662	3.2062
0.01388	0.61156	0.61123	0.61168	3.1990
0.01928	0.61651	0.61588	0.61673	3.1922
0.02970	0.62124	0.61986	0.62178	3.1854
0.05152	0.62518	0.62185	0.62684	3.1789
0.06411	0.62627	0.62180	0.62886	3.1763
0.08788	0.62751	0.62068	0.63243	3.1718
0.14276	0.62882	0.61486	0.64192	3.16
0.20986	0.62951	0.61109	0.64840	3.14
0.30318	0.62997	0.60570	0.65528	3.10
0.38805	0.63019	0.60058	0.66048	3.05
0.45546	0.63030	0.60042	0.66232	3.00
0.56165	0.63041	0.60224	0.65861	2.90
0.64471	0.63044	0.60395	0.65747	2.80
0.71272	0.63045	0.60545	0.65658	2.70
0.77049	0.63043	0.60680	0.65490	2.60
0.81787	0.63039	0.60545	0.65398	2.50
0.85878	0.63034	0.60806	0.65342	2.40
0.92243	0.63020	0.60807	0.65289	2.20
0.96564	0.63002	0.61037	0.65012	2.00
0.99105	0.62979	0.61117	0.64850	1.80
0.99753	0.62966	0.61197	0.64752	1.70
0.99925	0.62959	0.61199	0.64722	1.65

# interior 2/1 libration island, high ecc, centered near psi=90
# e	psistar	 astar	amin	amax	 CJ
0.63941	91.00	0.63425	0.63280	0.63568	2.801
0.64031	91.00	0.63430	0.63204	0.63640	2.8
0.71117	90.60	0.63192	0.62189	0.64198	2.7
0.76882	90.55	0.63135	0.61976	0.64400	2.6
0.81729	90.40	0.63110	0.61721	0.64525	2.5
0.85834	90.35	0.63096	0.61667	0.64552	2.4
0.92209	90.30	0.63082	0.61674	0.64548	2.2
0.96537	90.30	0.63075	0.61610	0.64601	2.0
0.99086	90.27	0.63072	0.61534	0.64627	1.8
0.99741	90.27	0.63071	0.61450	0.64692	1.7

# interior 3/2 libration island, high ecc, centered near psi=120 
# e	psistar	astar	amin	amax CJ
0.99996	120.90	0.76654	0.75750	0.77572	1.34
0.99858	120.95	0.76675	0.75815	0.77563	1.40
0.98553	121.20	0.76789	0.75915	0.77528	1.60
0.95796	122.07	0.77195	0.76972	0.77491	1.80
0.95381	122.52	0.77343	0.77343	0.77343	1.822

# interior 3/2 libration island centered near psi=120 --> 2/1 & psi=90
# e	psistar	astar	amin	amax CJ
0.80773	118.08	0.75423	0.75254	0.75572	2.35
0.73401	119.45	0.75999	0.75052	0.77058	2.50
0.60677	119.96	0.76211	0.74810	0.77566	2.70
0.52288	120.10	0.76295	0.74698	0.77846	2.80
0.41511	120.16	0.76283	0.74642	0.78071	2.90
0.34557	120.15	0.76281	0.74489	0.78258	2.95
0.25499	120.08	0.76257	0.74342	0.78335	3.00
0.20725	120.00	0.76228	0.74257	0.78419	3.02
0.17855	119.92	0.76200	0.74108	0.78546	3.03
0.14458	119.78	0.76151	0.73715	0.78668	3.04
0.12455	119.64	0.76108	0.73824	0.78360	3.045
0.10144	119.46	0.76037	0.74094	0.77757	3.05
0.09111	119.33	0.75994	0.74393	0.77365	3.052
0.07430	119.05	0.75897	0.74736	0.76802	3.055
0.05653	118.56	0.75732	0.74941	0.76268	3.058
0.04533	118.08	0.75562	0.75001	0.75914	3.06
0.03594	117.45	0.75340	0.74945	0.75571	3.062
0.02609	116.25	0.74937	0.74720	0.75072	3.065
0.02016	115.00	0.74498	0.74347	0.74604	3.068
0.01752	114.10	0.74200	0.74085	0.74292	3.07
0.01555	113.25	0.73904	0.73818	0.73986	3.072
0.01343	111.95	0.73465	0.73395	0.73537	3.075
0.01217	110.95	0.73106	0.73046	0.73174	3.0775
0.01122	109.95	0.72754	0.72702	0.72815	3.08
0.00914	106.25	0.71411	0.71358	0.71468	3.09
0.00841	103.12	0.70166	0.70139	0.70210	3.10
0.00850	100.42	0.69007	0.68981	0.69050	3.11
0.00913	98.2	0.67920	0.67895	0.67964	3.12
0.01043	96.2	0.66898	0.66870	0.66942	3.13
0.01143	95.3	0.66407	0.66376	0.66453	3.135
0.01280	94.5	0.65929	0.65892	0.65977	3.140
0.01470	93.7	0.65463 0.65416	0.65513	3.145
0.01749	93.00	0.65006	0.64940	0.65062	3.15
0.02085	92.45	0.64645	0.64552	0.64709	3.154
0.02457	92.05	0.64373	0.64242	0.64449	3.157
0.03031	91.65	0.64097	0.63876	0.64192	3.16
0.03658	91.40	0.63901	0.63428	0.64023	3.162
0.03785	91.35	0.63869	0.63340	0.63986	3.1623
0.03830	91.33	0.63859	0.63339	0.63973	3.1624
0.03876	91.30	0.63848	0.63358	0.63960	3.1625
0.03926	91.30	0.63837	0.63355	0.63948	3.1626
0.03975	91.30	0.63826	0.63361	0.63935	3.1627
0.04139	91.25	0.63792	0.63360	0.63899	3.163
0.04927	91.05	0.63663	0.63409	0.63750	3.164
0.05841	90.9	0.63558	0.63490	0.63594	3.1643
0.06301	90.85	0.63517	0.63515	0.63519	3.164560

# interior 3/2 libration island, high ecc, centered near psi=0 
# e	astar	amin	amax 	CJ
0.99989	0.76098	0.75137	0.76946	1.34
0.99881	0.76075	0.75161	0.76946	1.40
0.98669	0.75986	0.75246	0.76765	1.60
0.96146	0.75690	0.75243	0.75954	1.80
0.95801	0.75583	0.75583	0.75583	1.822

# interior 3/2 libration island centered near psi=0 
# e	astar	amin	amax 	CJ
0.80951	0.77546	0.77542	0.77550	2.3238
0.80062	0.77045	0.76737	0.77442	2.35
0.73114	0.76585	0.75415	0.77445	2.50
0.60566	0.76425	0.75161	0.77795	2.70
0.52233	0.76395	0.74919	0.78093	2.80
0.41500	0.76398	0.74692	0.78114	2.90
0.34568	0.76416	0.74585	0.78188	2.95
0.25542	0.76457	0.74490	0.78370	3.00
0.20783	0.76483	0.74497	0.78445	3.02
0.17929	0.76498	0.74363	0.78627	3.03
0.14546	0.76510	0.74034	0.78972	3.04
0.12549	0.76510	0.74205	0.79191	3.045
0.10245	0.76494	0.74404	0.78428	3.05
0.09212	0.76478	0.74751	0.78218	3.052
0.07528	0.76427	0.75142	0.77648	3.055
0.05735	0.76314	0.75407	0.76908	3.058
0.04591	0.76175	0.75493	0.76680	3.06
0.03612	0.75975	0.75479	0.76308	3.062
0.02553	0.75582	0.75285	0.75751	3.065

# interior 3/2 libration island, high ecc, centered near psi=60 
# e	psistar astar	amin	amax 	CJ
0.99871	60.42	0.76311	0.74947	0.77706	1.40
0.98623	60.45	0.76306	0.74760	0.77876	1.60
0.96003	60.50	0.76301	0.74558	0.78109	1.80
0.91893	60.53	0.76298	0.74200	0.78452	2.00
0.86080	60.60	0.76297	0.74461	0.78153	2.20
0.82425	60.63	0.76298	0.74680	0.77945	2.30
0.73248	60.75	0.76304	0.74968	0.77701	2.50
0.60605	60.82	0.76322	0.75317	0.77354	2.70
0.52221	60.92	0.76347	0.75530	0.76961	2.80
0.45445	61.10	0.76385	0.76269	0.76500	2.866
0.45354	61.12	0.76385	0.76385	0.76386	2.8668

# interior 4/3 libration island, high ecc, centered near psi=90
# e     psistar astar   amin    amax    CJ
0.99877	91.08	0.82686	0.81492	0.83898	1.300
0.99453	91.14	0.82691	0.81425	0.83971	1.400
0.98719	91.19	0.82697	0.81331	0.84078	1.500
0.97670	91.28	0.82704	0.81199	0.84229	1.600
0.96296	91.35	0.82714	0.81347	0.84210	1.700
0.94580	91.47	0.82728	0.81539	0.84039	1.800
0.92505	91.65	0.82746	0.81730	0.83834	1.900
0.90044	91.80	0.82772	0.81893	0.83705	2.000
0.87162	92.05	0.82814	0.82201	0.83485	2.100
0.83810	92.49	0.82890	0.82392	0.83372	2.200
0.79904	93.45	0.83079	0.82709	0.83725	2.300
0.78832	94.10	0.83193	0.83160	0.83226	2.3246

# interior 4/3 libration island centered near psi=90 --> 3/2, psi=60
# e     psistar astar   amin    amax    CJ
0.49072	88.11	0.81940	0.81872	0.82005	2.7977
0.43419	89.19	0.82153	0.81848	0.82482	2.850
0.37091	89.69	0.82247	0.81691	0.82827	2.900
0.34182	89.78	0.82270	0.81621	0.82947	2.920
0.30968	89.89	0.82286	0.81415	0.83181	2.940
0.27341	89.91	0.82293	0.81249	0.83360	2.960
0.23111	89.88	0.82286	0.81170	0.83450	2.980
0.20660	89.83	0.82275	0.81109	0.83494	2.990
0.17872	89.67	0.82251	0.81080	0.83495	3.000
0.14574	89.42	0.82203	0.81012	0.83456	3.010
0.11773	89.04	0.82132	0.80963	0.83357	3.017
0.10382	88.76	0.82079	0.80895	0.83305	3.020
0.09370	88.50	0.82029	0.80827	0.83248	3.022
0.07713	87.88	0.81914	0.80701	0.83022	3.025
0.06526	87.23	0.81790	0.80583	0.82875	3.027
0.04776	85.59	0.81476	0.80458	0.82068	3.030
0.03835	83.94	0.81156	0.80267	0.81536	3.032
0.02956	80.87	0.80558	0.80026	0.80786	3.035
0.02657	78.70	0.80127	0.79983	0.80204	3.037
0.02487	75.49	0.79474	0.79142	0.79617	3.040
0.02522	73.40	0.79042	0.78578	0.79190	3.042
0.02815	70.34	0.78396	0.77953	0.78564	3.045
0.03276	68.30	0.77953	0.77182	0.78164	3.047
0.03688	67.13	0.77712	0.76953	0.77910	3.048
0.04480	65.76	0.77416	0.77055	0.77561	3.049
0.05106	65.06	0.77264	0.77182	0.77324	3.0493
0.05375	64.80	0.77211	0.77197	0.77222	3.04934

# interior 4/3 libration island, high ecc, centered near psi=0
# e     astar   amin    amax    CJ
0.99892	0.82311	0.81106	0.83542
0.99483	0.82295	0.81019	0.83577
0.98767	0.82277	0.80882	0.83635
0.97737	0.82256	0.80710	0.83739
0.96382	0.82233	0.80842	0.83519
0.94690	0.82206	0.81011	0.83324
0.92641	0.82171	0.81202	0.83113
0.90214	0.82125	0.81210	0.82975
0.87381	0.82057	0.81431	0.82638
0.84108	0.81939	0.81477	0.82471
0.80384	0.81655	0.81312	0.81909
0.79417	0.81487	0.81485	0.81489

# interior 4/3 libration island centered near psi=0
# e     astar   amin    amax    CJ
0.48374	0.83507	0.83507	0.83507
0.42983	0.83173	0.82815	0.83407
0.36785	0.83048	0.82302	0.83710
0.33917	0.83028	0.82321	0.83669
0.30740	0.83024	0.82087	0.83850
0.27150	0.83039	0.81928	0.84014
0.22960	0.83082	0.81926	0.84131
0.20531	0.83119	0.81912	0.84214
0.17768	0.83173	0.81950	0.84314
0.14496	0.83252	0.81970	0.84454
0.11711	0.83328	0.81789	0.84701
0.10321	0.83365	0.81955	0.84713
0.09305	0.83388	0.81864	0.84801
0.07618	0.83410	0.81789	0.85018
0.06378	0.83397	0.81832	0.85005

# interior 4/3 libration island, high ecc, centered near psi=180
# e     astar   amin    amax    CJ
0.99878	0.82691	0.81584	0.83821	1.300
0.99450	0.82730	0.81526	0.83959	1.400
0.98711	0.82768	0.81461	0.84114	1.500
0.97656	0.82806	0.81406	0.84322	1.600
0.96273	0.82843	0.81493	0.84333	1.700
0.94548	0.82882	0.81697	0.84191	1.800
0.92463	0.82924	0.81909	0.84011	1.900
0.89992	0.82973	0.82102	0.83894	2.000
0.87100	0.83036	0.82424	0.83706	2.100
0.83739	0.83131	0.82633	0.83587	2.200
0.79823	0.83337	0.83007	0.83984	2.300
0.78749	0.83455	0.83423	0.83488	2.3246

# interior 4/3 libration island centered near psi=180 --> 3/2
# e     astar   amin    amax    CJ
0.48944	0.82265	0.82195	0.82328	2.7977
0.43292	0.82482	0.82176	0.82952	2.850
0.36962	0.82579	0.81764	0.83662	2.900
0.34054	0.82603	0.81979	0.83282	2.920
0.30839	0.82618	0.81814	0.83518	2.940
0.27212	0.82625	0.81693	0.83696	2.960
0.22983	0.82618	0.81604	0.83787	2.980
0.20532	0.82605	0.81561	0.83830	2.990
0.17745	0.82580	0.81539	0.83818	3.000
0.14446	0.82529	0.81471	0.83785	3.010
0.11645	0.82455	0.81367	0.83753	3.017
0.10253	0.82400	0.81326	0.83633	3.020
0.09243	0.82349	0.81270	0.83568	3.022
0.07585	0.82231	0.81166	0.83338	3.025
0.06395	0.82105	0.80884	0.83130	3.027
0.04643	0.81785	0.80945	0.82307	3.030
0.03698	0.81460	0.80570	0.81734	3.032
0.02811	0.80853	0.80401	0.81031	3.035
0.02506	0.80415	0.80313	0.80489	3.037
0.02329	0.79750	0.79417	0.79863	3.040
0.02358	0.79311	0.78975	0.79419	3.042
0.02642	0.78653	0.78206	0.78760	3.045
0.03098	0.78201	0.77423	0.78377	3.047
0.03506	0.77956	0.77189	0.78154	3.048
0.04295	0.77656	0.77291	0.77804	3.049
0.04918	0.77500	0.77182	0.77324	3.0493
0.05188	0.77448	0.77197	0.77222	3.04934

# interior 4/3 libration island, high ecc, centered near psi=45
# e     psistar astar   amin    amax    CJ
0.92111	44.78	0.82850	0.82810	0.82893	1.9324
0.89948	45.10	0.82738	0.82544	0.82862	2.000
0.86748	45.30	0.82644	0.81845	0.83276	2.100
0.83191	45.50	0.82586	0.81771	0.83417	2.200
0.79186	45.65	0.82547	0.81718	0.83413	2.300
0.74622	45.75	0.82519	0.81428	0.83620	2.400
0.69438	45.85	0.82500	0.81081	0.83906	2.500
0.63422	46.00	0.82489	0.80869	0.84211	2.600
0.56267	46.10	0.82487	0.81199	0.83856	2.700
0.47478	46.25	0.82498	0.81948	0.83049	2.800
0.39295	46.50	0.82529	0.82469	0.82582	2.87415

# interior 4/3 libration island, high ecc, centered near psi=135
# e     psistar astar   amin    amax    CJ
0.91975	133.40	0.81842	0.81839	0.81846	1.9324
0.90218	134.05	0.82107	0.82007	0.82557	2.000
0.87289	134.57	0.82323	0.81689	0.82930	2.100
0.83944	134.90	0.82458	0.81670	0.83364	2.200
0.80078	135.15	0.82552	0.81648	0.83392	2.300
0.75624	135.35	0.82621	0.81444	0.83747	2.400
0.70469	135.50	0.82676	0.81155	0.84127	2.500
0.64440	135.75	0.82721	0.81036	0.84471	2.600
0.57266	135.78	0.82759	0.81408	0.84184	2.700
0.48437	135.85	0.82798	0.82217	0.83383	2.800
0.40188	136.00	0.82840	0.82777	0.82896	2.87415
